945
752
876
1743
2774
1347
2374
942
528
214
916
2391
1668
475
1430
491
222
1503
2660
2375
1321
2708
36
1876
2790
1079
253
1680
1263
1138
70
2331
2592
2696
2360
1664
53
2635
133
1450
892
1147
1933
78
1128
880
1024
2569
2675
2537
731
1062
267
2382
2487
1824
1545
2615
49
117
1383
1077
1372
294
203
221
1311
127
1508
1841
1163
43
1678
2598
895
99
2008
886
2430
2719
2532
2574
217
1521
2588
1610
1320
2769
2778
261
1211
428
1792
88
1727
1881
1552
140
2433
1500
527
1942
1099
1691
1132
2507
2023
982
2698
303
2466
1337
128
1681
1569
1409
1984
219
1404
1017
928
1352
2
2449
2668
966
1279
85
2766
1090
147
1093
2693
1387
949
1540
2602
185
1274
2682
1111
229
2345
2363
514
58
1908
891
112
783
1936
1269
175
1580
2575
991
243
868
1033
12
24
1724
881
1297
1100
1843
961
123
407
1709
1380
1645
121
1120
1319
2353
1803
288
1741
912
1408
2019
1083
2406
1468
2547
2456
2621
1563
2453
1985
460
1376
549
184
1039
2004
1282
260
206
1215
13
2699
1455
921
477
79
2350
1607
1609
186
1884
1887
1758
2561
258
2780
1135
1897
120
1572
2630
97
2526
1402
1317
1713
1014
256
2396
301
188
979
27
432
199
1808
2024
1786
1065
2442
2332
1359
2771
2469
283
163
1073
1076
755
1557
516
2036
1892
457
170
1621
30
2629
2651
771
454
2717
299
2721
490
2021
2713
1175
1553
777
1848
1040
1199
1000
1074
740
2002
1934
2501
1261
1597
2338
1767
113
1683
1895
933
2562
1555
1176
1910
2400
226
1326
1228
1399
2695
40
233
2367
436
2379
146
179
1154
2473
1280
1394
2460
2010
1353
2518
1749
1286
2688
781
1535
235
210
2455
2511
290
1519
1312
1517
183
1992
1587
960
8
1707
1034
273
932
275
1635
89
96
124
1494
1980
234
21
1907
1130
2405
1481
2349
1064
453
2289
254
2037
2457
2503
34
1978
2662
2722
2381
1208
2749
1485
1452
1072
1657
2358
1531
154
2321
1081
517
1943
2720
2016
1476
1458
2591
467
1125
1221
1514
461
35
1611
1638
749
204
1921
764
893
1634
1225
1405
1970
996
1708
1438
1829
1165
1889
1819
1805
1302
2383
52
1633
2388
1484
1920
1150
1012
2700
1676
2365
1184
729
192
1285
2051
1032
1428
230
1313
456
1599
2623
167
2600
1217
2498
2667
1441
302
2464
64
2404
439
1377
1339
2680
1398
1453
1091
1086
2620
1393
2390
1490
759
1559
1919
2052
297
1466
2650
1528
56
745
1513
1962
967
1220
474
521
1250
940
216
476
2625
1719
470
2706
2056
1071
1046
1746
32
1003
169
878
2746
569
228
1957
2040
1858
2539
2420
2618
1323
2578
2718
498
483
1900
758
309
2527
2601
1213
1577
1289
1844
2474
187
1905
1736
2557
971
466
970
1229
1529
240
2772
497
1309
1231
1127
157
1451
1124
1618
1401
1576
168
2768
1986
2631
1738
2450
1629
1754
2603
2490
964
68
1197
1378
2670
2707
1947
1110
2723
2341
1156
2484
873
1303
1146
911
1413
1495
2378
1087
882
2742
765
1987
511
1103
61
59
136
1182
1423
1015
2642
1988
1185
1068
791
1573
77
1364
246
1658
45
1194
159
894
1591
2572
2782
1499
888
2510
285
93
1718
1993
101
2743
1335
1605
1114
1462
1765
1315
2497
1523
105
1134
1682
1293
284
2745
2548
1769
2568
1922
2521
529
2423
441
2701
1324
2612
2045
165
1857
1505
1584
2558
1035
1203
1195
2053
82
2687
2326
2531
2445
1914
1487
1406
132
737
2428
1461
1089
1961
1178
787
2499
46
1148
115
944
1371
1856
2638
84
1705
2657
1118
440
919
1694
2354
2476
2346
215
1268
1608
1360
1482
520
1655
2644
879
473
1592
2389
2739
142
1671
1300
980
739
793
1445
1697
1642
2438
1902
772
2318
2377
1448
1721
160
2481
158
973
306
138
2057
951
1167
2513
1804
156
926
2330
1454
1084
238
143
1018
80
2663
786
437
2347
270
232
2451
757
1815
1759
1343
1351
500
851
1667
1429
2372
2646
2544
736
864
1322
1381
989
2542
1368
525
2783
1854
212
87
1932
2429
1689
1520
193
1536
1166
2502
985
114
902
969
484
17
2042
280
1836
763
427
2435
1891
1637
1395
2357
1996
69
1189
2030
305
2495
1314
2505
1390
1255
1160
2775
1702
2028
2545
2431
2006
2752
2613
2523
1945
1906
74
126
2711
2702
1418
2683
207
509
775
2436
202
1094
2551
176
2605
2541
2437
2781
2519
2480
1196
2348
2395
463
1047
295
174
1752
1205
1431
442
1930
2419
1042
1816
2440
1021
2370
2033
1723
9
1974
1266
2763
1026
871
90
134
1136
867
2686
2567
48
1874
455
2443
208
2732
1768
2339
269
426
1924
26
6
1397
33
1976
1310
1416
2520
2577
2595
145
1265
1016
984
906
2550
1260
2764
1861
111
1191
1422
271
1574
1153
1411
2506
135
209
1216
1355
2765
1365
177
946
2335
2580
1498
2496
1173
2637
109
1186
1828
2636
239
1502
2467
1846
963
936
1443
2777
2459
81
2447
2337
75
1685
1636
2617
1001
118
2488
1063
1700
1236
931
11
152
1159
2402
730
1745
2494
1457
1665
2452
2055
1283
1253
2470
1456
1888
1432
522
2343
1467
125
2399
927
1775
2017
1023
1139
2530
883
1479
2705
2538
1101
1489
1102
1152
769
877
400
2563
957
139
776
905
42
1412
1853
1963
1604
925
2755
1911
1440
1113
2679
1669
2344
774
1171
1444
1964
2444
938
2424
914
2671
1717
1223
1757
1995
100
1382
1424
452
1522
1613
1238
1670
1823
1177
2760
751
2050
14
760
1474
2486
129
1434
2410
2441
2649
1554
1784
767
1273
1251
1085
1133
1207
464
1879
785
478
172
1344
1169
7
2034
1192
1204
1389
2759
2005
1425
94
291
1188
2416
265
28
241
2573
1666
287
1589
2703
1518
244
913
1639
1218
1108
1396
1350
1477
1059
1632
2397
2543
1022
2710
2762
1029
1798
1766
519
1031
166
896
1938
1331
2483
1901
990
72
1883
1526
1491
245
1825
1435
41
869
2724
2556
2022
1088
1119
224
1850
248
54
1913
281
257
2328
1415
277
198
2647
1356
1693
2007
1625
2387
2351
875
2361
1817
423
1875
2340
1092
503
1048
2432
1711
164
23
506
542
259
2013
2364
2426
2747
2587
95
1865
1070
236
929
191
161
1227
1492
1284
1328
2653
2041
1304
2434
1332
293
2691
116
523
2327
264
1267
1839
110
197
1818
122
2729
975
1811
943
106
1631
39
958
1761
910
2468
60
1257
1036
1117
999
1653
1011
494
1561
1558
493
83
1706
1570
1527
2583
2411
2590
1747
2479
296
1142
1729
2500
1660
1066
2733
1180
2000
908
1894
2355
2414
2581
2728
1994
2690
1449
1748
903
1369
1210
2054
1292
501
1549
2658
515
38
865
1004
1949
887
2656
1751
1516
1403
1764
1144
2493
1873
1564
2757
1361
2427
173
1060
956
200
1940
1008
1539
1414
962
1075
1596
2413
2514
2709
1179
2773
2448
2517
479
2736
2619
2571
2546
1614
1486
1800
2029
2725
50
178
995
1734
2608
2606
2559
1082
1471
255
1470
742
2716
1226
231
2014
1821
1946
504
524
1662
1259
502
2697
180
1802
2624
790
1760
1603
47
1437
1107
1787
1812
2655
1575
923
86
2712
1164
1646
2734
1366
1720
57
263
1400
71
950
2362
870
282
1346
5
16
1530
1030
1796
748
1316
1233
496
37
471
1097
1187
1579
153
278
2685
289
2654
1871
162
2627
1342
1298
1025
981
62
1262
2525
983
247
2756
481
20
918
1968
2384
899
1650
988
1730
201
144
2336
1219
2047
220
2554
1329
2692
1722
2454
1392
2403
738
1797
508
2412
1202
1916
1965
1999
1624
25
1050
98
2392
2776
1989
1290
1379
2401
1299
1488
225
934
1460
443
272
1363
1598
2352
1212
2634
1198
2582
1013
1151
1374
1548
307
2553
1112
435
1080
1497
1602
1472
1915
1367
1842
2329
51
1121
151
2730
2622
1601
1820
149
2666
252
746
1622
2524
1256
1
1168
1357
1480
2727
1981
1830
2584
573
1307
223
1235
997
1878
189
1272
1155
1773
195
2596
1115
2726
205
976
2418
1209
1224
953
1982
1929
2676
901
1301
2475
1475
438
2421
1358
920
2669
1692
2589
394
1264
1955
1641
2366
789
1336
2334
2049
1690
968
2333
2371
1551
1145
459
1590
1330
2342
1420
993
2564
2515
31
955
904
1806
130
1732
141
2672
2369
1616
431
196
1493
1109
2610
2409
1126
1469
1421
1771
2508
897
1252
2534
1271
155
1044
1162
1206
1588
1509
1069
92
266
2652
1345
1733
1845
462
1795
2485
458
10
131
429
2555
762
1944
415
1880
2380
784
1659
2678
1793
262
449
792
1002
2009
2628
2535
2549
2477
2394
1630
1652
2607
1837
211
1626
276
492
1005
103
1595
1122
2645
1506
1183
998
1410
2393
2439
1161
978
898
18
2740
1998
91
2046
2611
1391
300
73
2027
1232
2648
2458
1388
194
1463
2461
2359
1918
286
1275
1237
182
2003
1473
1254
994
2616
2408
939
2633
1567
148
915
2026
1045
2779
1278
909
1483
750
1704
251
884
1954
1677
2639
1606
22
1928
2565
1306
1123
924
930
1230
2579
1886
2753
1447
67
1898
1201
1789
1507
1620
1726
2744
2446
1370
1043
181
987
2536
2043