1963
2524
1065
2624
2664
749
2536
1576
2729
1708
12
1089
281
1836
2302
2534
2730
728
1692
1192
1436
2087
1989
897
2754
2012
2713
296
2527
2525
2003
381
361
1897
492
1707
2736
75
328
1815
2077
2258
155
1498
2457
491
1721
384
759
133
291
2672
1254
2619
208
391
377
1182
1942
340
1789
2569
2583
2428
2391
877
2074
1317
2242
2745
463
1705
246
73
230
1894
2279
336
1113
860
1153
1981
1513
2537
2423
1919
717
320
1489
2197
2186
483
1025
1344
139
2635
2670
1924
1327
2002
2565
1106
1413
1109
271
2484
2662
259
1379
2526
1321
1130
2630
725
867
706
2572
272
1140
1632
1314
1984
2350
2706
1678
1423
750
1040
1235
2751
206
1584
1346
1118
1913
864
1276
785
1758
1390
2037
1251
1141
2228
2172
765
1621
1604
283
1874
1940
1097
250
1610
2505
2139
1702
1425
1398
869
256
401
1046
397
1330
2617
1718
1258
1349
1669
1463
354
2069
290
2143
1643
2539
705
2494
2349
294
2753
385
875
2266
2680
1236
2473
1369
502
1022
310
231
2604
235
2028
2401
2552
2116
2080
2044
107
2618
2163
141
351
24
2073
1769
1078
1087
1792
318
818
1957
2445
2220
292
1690
1533
1587
1901
2167
191
1491
2578
194
2616
1205
159
1844
1048
1234
47
1003
1080
1485
205
2004
2432
1306
163
2171
1151
2454
196
835
1590
2134
1206
851
2469
1830
1378
1273
1451
2647
1519
216
2257
2677
1628
1178
2406
1329
1445
2639
306
1405
2615
891
1335
18
2263
1655
238
2440
334
1903
1364
1529
2045
777
704
2046
2183
223
2081
774
1620
146
849
1041
2692
2479
2198
2446
1762
2694
1779
415
1642
816
1289
714
471
2367
855
1435
212
1152
1738
1557
382
177
2435
2204
228
356
1930
53
2310
1336
1881
2094
2727
2434
303
2138
2496
173
357
1249
237
1561
1516
1077
2049
2580
1093
419
1737
1879
1548
1521
2609
798
1146
1267
1601
2379
1854
165
2040
497
2679
843
499
1640
1270
1461
824
335
1753
1497
242
1195
2749
2640
1873
1354
2288
2182
1672
2295
1560
2226
1174
1020
2642
181
769
1218
48
222
104
1486
2699
1365
732
224
2715
2034
1260
1713
1502
2581
2655
708
2321
1427
1391
297
1450
1517
1107
110
1443
1823
1570
506
1646
2411
2088
1530
2608
1615
786
2063
160
2158
2596
1266
383
423
1292
842
2130
1010
258
2241
2026
1798
720
1076
1053
1796
893
2340
1886
2667
45
832
887
295
331
2634
234
2571
1375
2519
2678
2589
41
2614
2052
30
2456
2750
1256
1668
1339
475
394
2274
2645
27
372
1275
1616
2318
263
1019
40
1360
128
1148
1659
1514
1145
1455
422
1797
701
2213
2586
2374
1729
827
794
1232
1428
2625
2461
2013
113
282
2176
1180
51
758
1355
1168
2123
147
1578
227
1101
1853
2703
2106
2042
2247
1121
462
775
1410
1215
1480
1023
2638
2444
1219
1072
2243
1663
2166
1415
2439
1770
123
1682
300
1684
2513
2747
2487
2363
277
2051
1842
1018
783
1388
1700
1134
1527
1367
2427
2267
1060
1155
1801
1343
2303
1917
2620
2450
2341
2054
2523
1376
2174
2100
1760
1591
1677
2490
1042
124
1230
379
360
2156
2057
766
715
1564
2345
1371
485
78
1526
1103
2022
1209
724
789
117
1173
2227
1421
33
74
1828
2177
1138
140
2654
2603
1818
2221
2409
219
213
1313
2191
1411
1558
412
1996
1766
2601
837
243
1688
373
2701
1475
1791
226
2269
881
2110
329
1506
1819
1752
2205
707
2152
2737
2179
1849
1694
2412
1670
2133
831
143
854
1197
2468
1958
1649
829
494
1518
1099
847
1488
1026
736
262
248
341
2194
700
2153
368
2663
1968
1905
1394
1402
505
742
1786
1487
2259
2107
77
366
1374
1432
890
2335
1419
429
2648
2008
464
752
1806
161
1624
1196
232
470
1160
255
2688
182
872
1992
70
323
2356
2036
770
1447
2225
767
1223
2236
2425
1366
2436
144
1299
1186
265
1824
2327
350
270
2566
2451
2091
2050
1303
267
2658
1474
2712
332
2261
2357
111
863
2192
723
247
2358
2746
2448
2495
1503
1231
2459
2306
2320
1055
288
188
19
1244
149
344
2078
2338
105
1969
792
1030
2246
1851
730
2117
1310
2721
1035
886
1392
1508
1644
2553
2009
1157
307
2132
333
2503
1704
1906
39
2020
873
2567
20
2324
358
236
2365
2477
2695
200
1916
1008
109
273
1462
2329
2710
1660
2410
799
359
2072
2541
465
145
1370
1315
302
1225
2119
1362
1472
245
2518
2538
151
131
1024
115
885
413
1743
203
434
2304
1382
2481
1305
712
2725
2014
1128
1156
1612
1352
1226
2486
72
1667
1787
2041
773
1067
148
2668
1664
1177
1468
2419
1400
2229
1259
1406
2558
1416
1918
279
2282
2521
1580
2426
1200
2591
1104
122
1985
2590
1588
484
2001
866
838
1504
2739
2475
737
2369
2287
240
1804
1741
257
1006
1213
2420
1066
1821
1284
833
1115
1609
1183
482
1884
244
1520
1784
2377
2223
1331
1297
5
152
2033
1490
426
2298
1531
129
2485
1922
2173
1032
116
2458
2418
1552
2660
2535
1119
1569
112
1176
762
313
25
2588
1439
713
241
746
1469
2007
2108
170
828
2414
2055
1500
1133
490
1788
2299
711
120
1505
2109
839
2404
763
738
1840
1269
1902
2142
1001
1434
1481
355
1611
1711
1287
179
1980
1207
2687
500
2219
1452
52
1545
134
1493
2386
2424
2606
1641
1929
702
1320
1294
11
1154
1248
37
2024
721
387
1846
1395
1199
474
2196
1228
1242
1438
2717
2157
1483
841
481
1222
2393
2744
275
2384
2514
1785
28
1681
1605
2422
362
1749
1261
1125
1448
1401
1549
1062
1735
2366
1031
820
2720
1036
1947
1914
731
1039
1773
2631
2084
1384
2470
2047
892
2029
1613
1572
2433
1982
1494
2613
751
2684
2180
1102
114
2254
2006
2467
435
2056
834
2271
1471
2120
815
1407
1817
2159
1724
2354
2311
76
2325
197
478
2021
2294
1108
408
1057
2413
1837
175
2262
776
436
2169
2328
2407
2709
852
2015
1075
2323
2734
2053
1706
1272
1573
1332
138
2611
2206
1356
2415
1357
1386
286
324
1184
433
2270
1312
1995
1117
2114
1970
1265
2691
878
1966
845
1063
1733
31
861
1908
796
2453
466
1300
1137
899
1765
102
399
1651
1645
398
1829
166
1614
260
2387
2607
1888
2465
427
1162
186
249
1774
1070
1214
2150
793
204
2319
2390
2599
2690
2140
1509
189
79
142
1252
2222
1342
406
1635
417
309
748
1009
2095
326
1898
1602
1457
1911
1165
2480
202
1656
2716
1412
2408
1860
1064
840
215
2086
1015
1629
1470
2742
1086
169
239
2508
1210
2430
2510
388
2636
2584
2551
1712
1563
1955
2189
404
1925
896
1871
2623
2621
2568
1095
1539
2556
1536
493
1271
2265
217
198
2092
409
428
1775
1302
407
2726
1954
1956
2641
729
1907
17
378
1496
1124
1932
1967
2683
1666
826
1029
2748
1194
176
1417
1848
46
2646
1454
476
853
2326
754
1397
403
1693
1618
1038
1945
496
1368
1281
4
38
1112
1221
167
2711
2682
2019
172
2643
1393
1347
882
467
1921
1307
2520
884
2455
319
390
2149
819
2112
2352
865
1761
889
1865
2161
1499
2283
1263
2216
2245
2562
1380
2719
1850
2438
1441
2375
49
1946
411
2388
1239
2059
211
2147
1723
2488
795
2360
35
2135
1341
1429
2372
1348
1567
2256
836
1524
276
1414
1691
2313
1255
2653
1233
26
1021
1229
1175
1424
1634
392
2560
1132
1092
158
1697
1540
2058
1418
2
2272
1142
1599
289
264
1696
1978
157
2693
2515
495
1722
252
130
100
1198
1408
1555
285
2126
199
2600
1359
225
1283
888
2023
2035
132
118
1920
2096
2612
1136
284
2218
879
2394
1250
127
856
2127
2076
2702
788
1353
2460
1547
43
2400
1409
823
2697
1816
2605
405
1309
21
1751
233
726
1389
2281
2217
1812
871
2280
2337
1638
1166
469
1683
1383
2296
1476
894
2576
251
395
858
790
1961
135
187
1466
2700
2331
1714
42
2103
1575
1127
2627
2383
1147
1534
1478
192
2500
784
1295
253
1319
1636
1051
1191
1247
168
1598
1073
822
269
14
268
1396
1870
2000
473
1944
2474
468
1000
1361
418
2564
209
410
2027
2348
1771
2704
1943
2637
439
1007
2160
2644
2532
2555
2463
2362
1730
1764
2622
1993
2235
1725
322
504
101
1037
1689
1143
2669
1592
1217
898
1467
2361
2421
119
880
195
299
2144
2214
2628
1440
386
764
2185
1280
2671
2442
1437
2085
1528
2447
2322
2060
367
1322
1286
1974
2155
1543
1298
895
2632
2381
2650
1657
1553
2184
1052
352
1326
156
1827
2501
870
2099
1795
266
1701
2244
2075
2577
1358
1144
1279
2030
312
1507
755
2043
1238
1936
1595
1720
1856
2429
1420
1050
1965
2533
221